10 4.9
20 7.6
30 9.1
40 14.1
50 15.2
60 18.8
70 21.2
80 30.7
90 26.9
100 30.1
110 33.7
120 40.8
130 47.9
140 74.3
150 63
160 74.6
170 77.6
180 90.7
190 83.9
200 83.4
210 83.5
220 88.4
230 91.9
240 69.2
250 70.2
260 72.6
270 76.1
280 79.9
290 80.6
300 82.8
310 85.5
320 87.1
330 90.4
340 111.7
350 143.2
360 142.2
370 146.7
380 144.7
390 126.7
400 113
410 115.4
420 119.8
430 121.7
440 124
450 125.9
460 127
470 129.3
480 133.6
490 137
500 137.5
510 140.7
520 144.1
530 143.9
540 146.2
550 151.5
560 151.4
570 155.1
580 156.2
590 162.9
600 164
610 166.3
620 182.2
630 182.2
640 176.1
650 174.4
660 177.1
670 181.6
680 187.5
690 189.8
700 197.5
710 195.2
720 188.5
730 195.5
740 193.7
750 199.1
760 199.9
770 206.7
780 201.4
790 204.3
800 207
810 218.6
820 213.3
830 215.9
840 214.9
850 220.8
860 220.3
870 222.3
880 231.6
890 229.3
900 233.6
910 235.7
920 235.1
930 233.8
940 238.4
950 242.1
960 246.3
970 243.6
980 247.4
990 246.6
1000 254.6
0.126202