10 5.4
20 7.9
30 9.6
40 13.3
50 14.6
60 20.1
70 22.4
80 24
90 29.3
100 30.5
110 32
120 36.3
130 45.5
140 42
150 46.1
160 55.1
170 51.6
180 53.3
190 64.6
200 67.2
210 78.9
220 82.2
230 73.4
240 73.1
250 72.8
260 78.9
270 76.6
280 78.4
290 83
300 91.3
310 118.1
320 84.9
330 98.1
340 95.1
350 95.7
360 126.1
370 120.8
380 113.1
390 129.3
400 127.7
410 125.1
420 147.8
430 154.7
440 146.4
450 144.3
460 133.3
470 144
480 142.8
490 133.8
500 139
510 138.5
520 130.4
530 135.4
540 145.6
550 145.1
560 138.7
570 139.5
580 145.3
590 157.9
600 153.5
610 168.7
620 158.1
630 164.2
640 163.2
650 166.3
660 171
670 184.6
680 164.3
690 179.2
700 187.2
710 191.5
720 223.3
730 212.4
740 195.5
750 197.7
760 194.6
770 201.4
780 201.7
790 197.8
800 209.6
810 207
820 211.6
830 206.8
840 214.7
850 212.4
860 224.7
870 210
880 199.9
890 200.1
900 207.4
910 205.7
920 232.3
930 212.1
940 254.2
950 240.9
960 243.3
970 240.2
980 221.8
990 237.6
1000 261.4
1010 238.9
1020 276.5
1030 261.2
1040 272
1050 272.2
1060 267.3
1070 276.4
1080 306.3
1090 359.3
1100 330.9
1110 292.3
1120 279
1130 280.2
1140 274.5
1150 276.5
1160 276.5
1170 280.5
1180 282
1190 293.6
1200 300.9
1210 319.9
1220 348.3
1230 435.7
1240 418.8
1250 429.2
1260 434.2
1270 332.7
1280 296.6
1290 300
1300 301.2
1310 302.3
1320 309.4
1330 309.5
1340 308.3
1350 316
1360 311.7
1370 312.4
1380 316.3
1390 317.9
1400 319.8
1410 323.2
1420 323.5
1430 332.6
1440 328.6
1450 329.6
1460 332.9
1470 334.1
1480 339.7
1490 337
1500 339.1
1510 341.7
1520 351.1
1530 346.6
1540 345.7
1550 348.7
1560 351.8
1570 352
1580 356.2
1590 361.1
1600 364.6
1610 374.4
1620 362.3
1630 365.5
1640 368.2
1650 372.2
1660 366.9
1670 371
1680 382.5
1690 380
1700 380.7
1710 380.2
1720 387.2
1730 389.7
1740 440.2
1750 416.4
1760 392.8
1770 398.2
1780 483.2
1790 401.8
1800 393.3
1810 381.8
1820 408.8
1830 489.8
1840 408.1
1850 407.4
1860 410.9
1870 410.2
1880 418.2
1890 416.4
1900 450.9
1910 418.3
1920 422.1
1930 420.6
1940 429.9
1950 426.3
1960 430.7
1970 432.7
1980 432.3
1990 431.8
2000 438.1
0.196612