10 5.2
20 7.6
30 13.7
40 12.6
50 17.1
60 34.1
70 22.1
80 24.5
90 28.9
100 30.8
110 39.1
120 41.1
130 47.9
140 47.1
150 55.5
160 54.1
170 52
180 53.8
190 60.8
200 64.3
210 60.8
220 63.9
230 66.4
240 67.7
250 70.2
260 70.8
270 73.5
280 83.2
290 91.4
300 84.2
310 85
320 84.1
330 88.9
340 89.6
350 101
360 95.4
370 105.4
380 103
390 108.4
400 149.6
410 109.2
420 116.9
430 125.5
440 127.4
450 131.7
460 135.1
470 123.6
480 129.8
490 142.4
500 162
510 149.9
520 137
530 138.8
540 139.7
550 161.8
560 173.2
570 188.6
580 205.4
590 209.4
600 198.5
610 191.5
620 175.4
630 197.5
640 178.8
650 159.8
660 177.8
670 177.1
680 164.6
690 175.5
700 170.4
710 197.7
720 195
730 179.8
740 185.2
750 178.2
760 180.4
770 183.7
780 194.5
790 208.6
800 215.9
810 218.2
820 197
830 196.7
840 208.1
850 199.7
860 200.5
870 204.2
880 204.1
890 213.2
900 207.1
910 207.4
920 218
930 211.6
940 213.4
950 217.3
960 227.7
970 219.4
980 238.8
990 232.4
1000 232.1
1010 255.3
1020 248.9
1030 277.7
1040 264
1050 276.7
1060 350.5
1070 277.3
1080 262.9
1090 259.5
1100 247.6
1110 251.4
1120 251.1
1130 252.8
1140 254.3
1150 258.9
1160 266.5
1170 268.4
1180 274.9
1190 285.8
1200 278.7
1210 254.8
1220 259.6
1230 259.9
1240 265
1250 277.3
1260 265.7
1270 267.8
1280 270.5
1290 271.5
1300 270.6
1310 276.1
1320 274.8
1330 276.7
1340 283.7
1350 279.2
1360 283.6
1370 286.3
1380 287.6
1390 286.3
1400 291.8
1410 293.7
1420 296
1430 297.6
1440 298
1450 296.9
1460 307.5
1470 300.8
1480 305.7
1490 305.9
1500 307.7
1510 311.4
1520 313.6
1530 322.8
1540 335.9
1550 354.2
1560 342.5
1570 323.4
1580 321.9
1590 331.7
1600 324.4
1610 330.3
1620 336.1
1630 339.1
1640 332.2
1650 336.6
1660 333.8
1670 336.8
1680 338.5
1690 344.6
1700 349.1
1710 344
1720 346.7
1730 355.5
1740 392.3
1750 371.6
1760 355.1
1770 354.6
1780 364.3
1790 360.7
1800 373.2
1810 369
1820 367
1830 364.8
1840 368.9
1850 368.2
1860 369.2
1870 370.7
1880 371.8
1890 377.9
1900 374.7
1910 380.6
1920 380
1930 383.4
1940 380.8
1950 384.6
1960 385.1
1970 385.8
1980 391.8
1990 398.9
2000 437.8
2010 396.4
2020 397
2030 396
2040 399.2
2050 400.4
2060 406.2
2070 404.4
2080 406.3
2090 407.6
2100 409.5
2110 409.8
2120 413
2130 420.1
2140 422.9
2150 421.4
2160 419.9
2170 422.2
2180 428.3
2190 429.3
2200 429.8
2210 426.5
2220 483.1
2230 459.9
2240 476.5
2250 477.5
2260 477.9
2270 450
2280 455.1
2290 450.9
2300 455.3
2310 455.2
2320 464.1
2330 452.3
2340 457.1
2350 460.5
2360 454.4
2370 463.7
2380 463.9
2390 523.6
2400 722.1
2410 507.5
2420 511.4
2430 575.8
2440 484.5
2450 479.6
2460 479.3
2470 503.5
2480 491.4
2490 517.2
2500 522.5
2510 501.9
2520 497.4
2530 497.4
2540 496.3
2550 498.8
2560 530.8
2570 527.1
2580 525.3
2590 528.5
2600 538.3
2610 534.8
2620 536
2630 553.4
2640 540.8
2650 539.9
2660 547.7
2670 563.1
2680 564.6
2690 552.3
2700 559.3
2710 552.1
2720 550.8
2730 552.3
2740 559.4
2750 554.9
2760 557.5
2770 560.4
2780 573.7
2790 565.3
2800 566.5
2810 573.9
2820 565.5
2830 566.3
2840 576.8
2850 573.3
2860 573.7
2870 575
2880 577.6
2890 593.3
2900 580.1
2910 584.2
2920 583.5
2930 585.9
2940 587.5
2950 593.3
2960 600.9
2970 596
2980 597.6
2990 608.8
3000 620.8
3010 609.2
3020 607.9
3030 653.8
3040 610.4
3050 611
3060 620
3070 610.4
3080 618.5
3090 619.6
3100 621.3
3110 639.7
3120 662.8
3130 667.9
3140 663.3
3150 656.6
3160 659
3170 653.7
3180 659
3190 673.5
3200 674
3210 663.9
3220 670.7
3230 669.8
3240 675.1
3250 681.2
3260 674
3270 683.6
3280 673.9
3290 677.1
3300 681.9
3310 681
3320 692.6
3330 686.1
3340 685.9
3350 686.6
3360 694.9
3370 691.8
3380 706.1
3390 696.5
3400 697.2
3410 704.4
3420 702.6
3430 705.1
3440 722.2
3450 708.2
3460 708.4
3470 691.2
3480 701.1
3490 696.9
3500 704
3510 703.2
3520 696.6
3530 858.8
3540 767.1
3550 722.6
3560 715.9
3570 720.1
3580 723.1
3590 720.5
3600 726.2
3610 733.4
3620 719.4
3630 723.5
3640 728.7
3650 727.7
3660 735
3670 731.6
3680 734.7
3690 739.9
3700 737.8
3710 743
3720 753
3730 760.1
3740 750.9
3750 757.1
3760 752.1
3770 796.9
3780 773.7
3790 765.4
3800 777
3810 771.2
3820 769.3
3830 775.8
3840 771.9
3850 780
3860 795.6
3870 779.4
3880 798
3890 788.2
3900 783.4
3910 783.1
3920 811.2
3930 811.9
3940 798.3
3950 808.3
3960 794.3
3970 794.4
3980 785.5
3990 817.7
4000 794
0.307667